00:00:02, 0.1, 242,    9,   1222, 12.2, 42.4,     55,   25, 0.3, 50.0, 2.2, 242,  343,   2876, 890.9, 22.3,    913,  523, 0.7, 50.0,  0.0, 0.0, 8.0,  90, 2, 0.0, 0.0,   0, 
00:00:12, 0.1, 242,    8,   1222, 12.2, 42.4,     55,   25, 0.3, 50.0, 2.2, 242,  344,   2876, 890.9, 22.3,    913,  522, 0.7, 50.0,  0.0, 0.0, 8.0,  90, 2, 0.0, 0.0,   0, 
00:00:22, 0.1, 242,    8,   1222, 12.2, 42.4,     55,   25, 0.3, 50.0, 2.3, 242,  382,   2876, 890.9, 22.3,    913,  544, 0.7, 50.0,  0.0, 0.0, 8.0,  90, 2, 0.0, 0.0,   0, 
00:00:32, 0.1, 242,    8,   1222, 12.2, 42.4,     55,   25, 0.3, 50.0, 2.3, 242,  388,   2876, 890.9, 22.3,    913,  548, 0.7, 50.0,  0.0, 0.0, 8.0,  90, 2, 0.0, 0.0,   0, 
00:00:42, 0.1, 241,    8,   1222, 12.2, 42.4,     55,   25, 0.3, 50.0, 2.3, 241,  388,   2876, 890.9, 22.3,    913,  544, 0.7, 50.0,  0.0, 0.0, 8.0,  90, 2, 0.0, 0.0,   0, 
00:00:52, 0.1, 239,    9,   1222, 12.2, 42.4,     55,   25, 0.4, 50.0, 6.5, 239, 1500,   2876, 890.9, 22.3,    913, 1558, 0.9, 50.0,  0.0, 0.0, 8.0,  90, 2, 0.0, 0.0,   0, 
00:01:02, 0.1, 238,    8,   1222, 12.2, 42.4,     55,   24, 0.3, 50.0, 7.7, 238, 1799,   2876, 890.9, 22.3,    913, 1836, 1.0, 50.0,  0.0, 0.0, 8.0,  90, 2, 0.0, 0.0,   0, 
00:01:12, 0.1, 238,    9,   1222, 12.2, 42.4,     55,   24, 0.4, 50.0, 7.7, 238, 1796,   2876, 890.9, 22.3,    913, 1833, 1.0, 50.0,  0.0, 0.0, 8.0,  90, 2, 0.0, 0.0,   0, 
00:01:22, 0.1, 238,    9,   1222, 12.2, 42.4,     55,   24, 0.4, 50.0, 7.8, 238, 1810,   2876, 890.9, 22.3,    913, 1846, 1.0, 50.0,  0.0, 0.0, 8.0,  90, 2, 0.0, 0.0,   0, 
00:01:32, 0.1, 238,    9,   1222, 12.2, 42.4,     55,   25, 0.4, 50.0, 7.7, 238, 1805,   2876, 890.9, 22.3,    913, 1841, 1.0, 50.0,  0.0, 0.0, 8.0,  90, 2, 0.0, 0.0,   0, 
00:01:42, 0.1, 238,    9,   1222, 12.2, 42.4,     55,   24, 0.4, 50.0, 7.8, 238, 1806,   2876, 890.9, 22.3,    913, 1842, 1.0, 50.0,  0.0, 0.0, 8.0,  90, 2, 0.0, 0.0,   0, 
00:01:52, 0.1, 237,    8,   1222, 12.2, 42.4,     55,   24, 0.3, 50.0, 7.8, 237, 1798,   2876, 890.9, 22.3,    913, 1833, 1.0, 50.0,  0.0, 0.0, 8.0,  90, 2, 0.0, 0.0,   0, 
00:02:02, 0.1, 237,    8,   1222, 12.2, 42.4,     55,   24, 0.4, 50.0, 7.8, 237, 1803,   2876, 890.9, 22.3,    913, 1838, 1.0, 50.0,  0.0, 0.0, 8.0,  90, 2, 0.0, 0.0,   0, 
00:02:12, 0.1, 237,    9,   1222, 12.2, 42.4,     55,   24, 0.4, 50.0, 7.8, 237, 1802,   2876, 890.9, 22.3,    913, 1837, 1.0, 50.0,  0.0, 0.0, 8.0,  90, 2, 0.0, 0.0,   0, 
00:02:22, 0.1, 237,    8,   1222, 12.2, 42.4,     55,   25, 0.3, 50.0, 7.8, 237, 1803,   2876, 890.9, 22.3,    913, 1839, 1.0, 50.0,  0.0, 0.0, 8.0,  90, 2, 0.0, 0.0,   0, 
00:02:32, 0.1, 237,    8,   1222, 12.2, 42.4,     55,   24, 0.3, 50.0, 7.8, 237, 1808,   2876, 890.9, 22.3,    913, 1844, 1.0, 50.0,  0.0, 0.0, 8.0,  90, 2, 0.0, 0.0,   0, 
00:02:42, 0.1, 237,    9,   1222, 12.2, 42.4,     55,   24, 0.4, 50.0, 7.7, 237, 1801,   2876, 890.9, 22.3,    913, 1837, 1.0, 50.0,  0.0, 0.0, 8.0,  90, 2, 0.0, 0.0,   0, 
00:02:52, 0.1, 237,    8,   1222, 12.2, 42.4,     55,   24, 0.3, 50.0, 7.2, 237, 1695,   2876, 890.9, 22.3,    913, 1710, 1.0, 50.0,  0.0, 0.0, 8.0,  90, 2, 0.0, 0.0,   0, 
00:03:02, 0.1, 236,    8,   1222, 12.2, 42.4,     55,   24, 0.3, 50.0, 7.0, 236, 1641,   2876, 890.9, 22.3,    913, 1645, 1.0, 50.0,  0.0, 0.0, 8.0,  90, 2, 0.0, 0.0,   0, 
00:03:12, 0.1, 237,    9,   1222, 12.2, 42.4,     55,   24, 0.4, 50.0, 7.0, 236, 1643,   2876, 890.9, 22.3,    913, 1647, 1.0, 50.0,  0.0, 0.0, 8.0,  90, 2, 0.0, 0.0,   0, 
00:03:22, 0.1, 237,    8,   1222, 12.2, 42.4,     55,   24, 0.3, 50.0, 8.0, 237, 1859,   2876, 890.9, 22.3,    913, 1886, 1.0, 50.0,  0.0, 0.0, 8.0,  90, 2, 0.0, 0.0,   0, 
00:03:32, 0.1, 237,    8,   1222, 12.2, 42.4,     55,   24, 0.3, 50.0, 7.6, 237, 1778,   2876, 890.9, 22.3,    913, 1803, 1.0, 50.0,  0.0, 0.0, 8.0,  90, 2, 0.0, 0.0,   0, 
00:03:42, 0.1, 237,    9,   1222, 12.2, 42.4,     55,   24, 0.4, 50.0, 7.6, 237, 1775,   2876, 890.9, 22.3,    913, 1800, 1.0, 50.0,  0.0, 0.0, 8.0,  90, 2, 0.0, 0.0,   0, 
00:03:52, 0.1, 236,    8,   1222, 12.2, 42.4,     55,   24, 0.3, 50.0, 7.6, 236, 1768,   2876, 890.9, 22.3,    913, 1793, 1.0, 50.0,  0.0, 0.0, 8.0,  90, 2, 0.0, 0.0,   0, 
00:04:02, 0.1, 236,    9,   1222, 12.2, 42.4,     55,   24, 0.4, 50.0, 7.6, 236, 1770,   2876, 890.9, 22.3,    913, 1795, 1.0, 50.0,  0.0, 0.0, 8.0,  90, 2, 0.0, 0.0,   0, 
00:04:12, 0.1, 237,    8,   1222, 12.2, 42.4,     55,   24, 0.3, 50.0, 7.6, 237, 1776,   2876, 890.9, 22.3,    913, 1801, 1.0, 50.0,  0.0, 0.0, 8.0,  90, 2, 0.0, 0.0,   0, 
00:04:22, 0.1, 237,    8,   1222, 12.2, 42.4,     55,   24, 0.4, 50.0, 7.6, 237, 1776,   2876, 890.9, 22.3,    913, 1801, 1.0, 50.0,  0.0, 0.0, 8.0,  90, 2, 0.0, 0.0,   0, 
00:04:32, 0.1, 237,    8,   1222, 12.2, 42.4,     55,   24, 0.3, 50.0, 7.6, 237, 1778,   2876, 890.9, 22.3,    913, 1803, 1.0, 50.0,  0.0, 0.0, 8.0,  90, 2, 0.0, 0.0,   0, 
00:04:42, 0.1, 237,    8,   1222, 12.2, 42.4,     55,   24, 0.3, 50.0, 7.6, 237, 1777,   2876, 890.9, 22.3,    913, 1802, 1.0, 50.0,  0.0, 0.0, 8.0,  90, 2, 0.0, 0.0,   0, 
00:04:52, 0.1, 237,    9,   1222, 12.2, 42.4,     55,   24, 0.4, 50.0, 7.6, 237, 1781,   2876, 890.9, 22.3,    913, 1806, 1.0, 50.0,  0.0, 0.0, 8.0,  90, 2, 0.0, 0.0,   0, 
00:05:02, 0.1, 237,    8,   1222, 12.2, 42.4,     55,   23, 0.4, 50.0, 7.6, 237, 1777,   2876, 890.9, 22.3,    913, 1803, 1.0, 50.0,  0.0, 0.0, 8.0,  90, 2, 0.0, 0.0,   0, 
00:05:12, 0.1, 237,    9,   1222, 12.2, 42.4,     55,   24, 0.4, 50.0, 7.6, 237, 1777,   2876, 890.9, 22.3,    913, 1802, 1.0, 50.0,  0.0, 0.0, 8.0,  90, 2, 0.0, 0.0,   0, 
00:05:22, 0.1, 237,    8,   1222, 12.2, 42.4,     55,   24, 0.3, 50.0, 7.6, 237, 1778,   2876, 890.9, 22.3,    913, 1804, 1.0, 50.0,  0.0, 0.0, 8.0,  90, 2, 0.0, 0.0,   0, 
00:05:32, 0.1, 236,    8,   1222, 12.2, 42.4,     55,   24, 0.4, 50.0, 7.6, 236, 1771,   2876, 891.0, 22.3,    913, 1796, 1.0, 50.0,  0.0, 0.0, 8.0,  90, 2, 0.0, 0.0,   0, 
00:05:42, 0.1, 236,    8,   1222, 12.2, 42.4,     55,   24, 0.3, 50.0, 7.6, 236, 1769,   2876, 891.0, 22.3,    913, 1794, 1.0, 50.0,  0.0, 0.0, 8.0,  90, 2, 0.0, 0.0,   0, 
00:05:52, 0.1, 236,    8,   1222, 12.2, 42.4,     55,   24, 0.3, 50.0, 7.6, 236, 1766,   2876, 891.0, 22.3,    913, 1791, 1.0, 50.0,  0.0, 0.0, 8.0,  90, 2, 0.0, 0.0,   0, 
00:06:02, 0.1, 236,    8,   1222, 12.2, 42.4,     55,   24, 0.4, 50.0, 7.6, 236, 1767,   2876, 891.0, 22.3,    913, 1792, 1.0, 50.0,  0.0, 0.0, 8.0,  90, 2, 0.0, 0.0,   0, 
00:06:12, 0.1, 236,    8,   1222, 12.2, 42.4,     55,   24, 0.3, 50.0, 7.6, 236, 1764,   2876, 891.0, 22.3,    913, 1789, 1.0, 50.0,  0.0, 0.0, 8.0,  90, 2, 0.0, 0.0,   0, 
00:06:22, 0.1, 236,    9,   1222, 12.2, 42.4,     55,   24, 0.4, 50.0, 7.6, 236, 1763,   2876, 891.0, 22.3,    913, 1788, 1.0, 50.0,  0.0, 0.0, 8.0,  90, 2, 0.0, 0.0,   0, 
00:06:32, 0.1, 236,    8,   1222, 12.2, 42.4,     55,   24, 0.3, 50.0, 7.5, 236, 1744,   2876, 891.0, 22.3,    913, 1770, 1.0, 50.0,  0.0, 0.0, 8.0,  90, 2, 0.0, 0.0,   0, 
00:06:42, 0.1, 236,    8,   1222, 12.2, 42.4,     55,   24, 0.3, 50.0, 7.4, 236, 1715,   2876, 891.0, 22.3,    913, 1742, 1.0, 50.0,  0.0, 0.0, 8.0,  90, 2, 0.0, 0.0,   0, 
00:06:52, 0.1, 236,    8,   1222, 12.2, 42.4,     55,   24, 0.4, 50.0, 7.4, 236, 1715,   2876, 891.0, 22.3,    913, 1743, 1.0, 50.0,  0.0, 0.0, 8.0,  90, 2, 0.0, 0.0,   0, 
00:07:02, 0.1, 237,    8,   1222, 12.2, 42.4,     55,   24, 0.3, 50.0, 7.4, 237, 1715,   2876, 891.0, 22.3,    913, 1743, 1.0, 50.0,  0.0, 0.0, 8.0,  90, 2, 0.0, 0.0,   0, 
00:07:12, 0.1, 237,    8,   1222, 12.2, 42.4,     55,   24, 0.3, 50.0, 7.4, 237, 1723,   2876, 891.0, 22.3,    913, 1751, 1.0, 50.0,  0.0, 0.0, 8.0,  90, 2, 0.0, 0.0,   0, 
00:07:22, 0.1, 237,    9,   1222, 12.2, 42.4,     55,   25, 0.4, 50.0, 7.4, 237, 1722,   2876, 891.0, 22.3,    913, 1750, 1.0, 50.0,  0.0, 0.0, 8.0,  90, 2, 0.0, 0.0,   0, 
00:07:32, 0.1, 237,    8,   1222, 12.2, 42.4,     55,   24, 0.3, 50.0, 7.4, 237, 1720,   2876, 891.0, 22.3,    913, 1748, 1.0, 50.0,  0.0, 0.0, 8.0,  90, 2, 0.0, 0.0,   0, 
00:07:42, 0.1, 237,    9,   1222, 12.2, 42.4,     55,   24, 0.4, 50.0, 7.4, 237, 1723,   2876, 891.0, 22.3,    913, 1751, 1.0, 50.0,  0.0, 0.0, 8.0,  90, 2, 0.0, 0.0,   0, 
00:07:52, 0.1, 238,    8,   1222, 12.2, 42.4,     55,   24, 0.4, 50.0, 7.4, 237, 1723,   2876, 891.0, 22.3,    913, 1751, 1.0, 50.0,  0.0, 0.0, 8.0,  90, 2, 0.0, 0.0,   0, 
00:08:02, 0.1, 238,    8,   1222, 12.2, 42.4,     55,   24, 0.3, 50.0, 7.4, 238, 1726,   2876, 891.0, 22.3,    913, 1754, 1.0, 50.0,  0.0, 0.0, 8.0,  90, 2, 0.0, 0.0,   0, 
00:08:12, 0.1, 238,    8,   1222, 12.2, 42.4,     55,   24, 0.3, 50.0, 7.4, 238, 1725,   2876, 891.0, 22.3,    913, 1753, 1.0, 50.0,  0.0, 0.0, 8.0,  90, 2, 0.0, 0.0,   0, 
00:08:22, 0.1, 237,    8,   1222, 12.2, 42.4,     55,   24, 0.4, 50.0, 7.4, 237, 1721,   2876, 891.0, 22.3,    913, 1749, 1.0, 50.0,  0.0, 0.0, 8.0,  90, 2, 0.0, 0.0,   0, 
00:08:32, 0.1, 239,    8,   1222, 12.2, 42.4,     55,   25, 0.3, 50.0, 7.4, 239, 1740,   2876, 891.0, 22.3,    913, 1768, 1.0, 50.0,  0.0, 0.0, 8.0,  90, 2, 0.0, 0.0,   0, 
00:08:42, 0.1, 238,    8,   1222, 12.2, 42.4,     55,   24, 0.3, 50.0, 7.4, 238, 1726,   2876, 891.0, 22.3,    913, 1755, 1.0, 50.0,  0.0, 0.0, 8.0,  90, 2, 0.0, 0.0,   0, 
00:08:52, 0.1, 238,    8,   1222, 12.2, 42.4,     55,   25, 0.3, 50.0, 7.4, 238, 1727,   2876, 891.0, 22.3,    913, 1756, 1.0, 50.0,  0.0, 0.0, 8.0,  90, 2, 0.0, 0.0,   0, 
00:09:02, 0.1, 238,    8,   1222, 12.2, 42.4,     55,   24, 0.3, 50.0, 7.4, 238, 1725,   2876, 891.0, 22.3,    913, 1755, 1.0, 50.0,  0.0, 0.0, 8.0,  90, 2, 0.0, 0.0,   0, 
00:09:12, 0.1, 239,    9,   1222, 12.2, 42.4,     55,   25, 0.4, 50.0, 7.4, 238, 1728,   2876, 891.0, 22.3,    913, 1757, 1.0, 50.0,  0.0, 0.0, 8.0,  90, 2, 0.0, 0.0,   0, 
00:09:22, 0.1, 238,    9,   1222, 12.2, 42.4,     55,   25, 0.4, 50.0, 7.4, 238, 1725,   2876, 891.0, 22.3,    913, 1754, 1.0, 50.0,  0.0, 0.0, 8.0,  90, 2, 0.0, 0.0,   0, 
00:09:32, 0.1, 237,    8,   1222, 12.2, 42.4,     55,   24, 0.3, 50.0, 7.3, 237, 1706,   2876, 891.0, 22.3,    913, 1734, 1.0, 50.0,  0.0, 0.0, 8.0,  90, 2, 0.0, 0.0,   0, 
00:09:42, 0.1, 237,    9,   1222, 12.2, 42.4,     55,   24, 0.4, 50.0, 7.3, 237, 1709,   2876, 891.0, 22.3,    913, 1738, 1.0, 50.0,  0.0, 0.0, 8.0,  90, 2, 0.0, 0.0,   0, 
00:09:52, 0.1, 237,    8,   1222, 12.2, 42.4,     55,   24, 0.3, 50.0, 7.3, 237, 1707,   2876, 891.0, 22.3,    913, 1736, 1.0, 50.0,  0.0, 0.0, 8.0,  90, 2, 0.0, 0.0,   0, 
00:10:02, 0.1, 237,    8,   1222, 12.2, 42.4,     55,   24, 0.3, 50.0, 7.3, 237, 1708,   2876, 891.0, 22.3,    913, 1736, 1.0, 50.0,  0.0, 0.0, 8.0,  90, 2, 0.0, 0.0,   0, 
00:10:12, 0.1, 237,    8,   1222, 12.2, 42.4,     55,   24, 0.3, 50.0, 7.3, 237, 1709,   2876, 891.0, 22.3,    913, 1738, 1.0, 50.0,  0.0, 0.0, 8.0,  90, 2, 0.0, 0.0,   0, 
00:10:22, 0.1, 237,    8,   1222, 12.2, 42.4,     55,   24, 0.3, 50.0, 7.3, 237, 1711,   2876, 891.0, 22.3,    913, 1740, 1.0, 50.0,  0.0, 0.0, 8.0,  90, 2, 0.0, 0.0,   0, 
00:10:32, 0.1, 237,    8,   1222, 12.2, 42.4,     55,   24, 0.3, 50.0, 7.3, 237, 1711,   2876, 891.0, 22.3,    913, 1740, 1.0, 50.0,  0.0, 0.0, 8.0,  90, 2, 0.0, 0.0,   0, 
00:10:42, 0.1, 237,    8,   1222, 12.2, 42.4,     55,   24, 0.3, 50.0, 7.3, 237, 1708,   2876, 891.0, 22.3,    913, 1737, 1.0, 50.0,  0.0, 0.0, 8.0,  90, 2, 0.0, 0.0,   0, 
00:10:52, 0.1, 237,    9,   1222, 12.2, 42.4,     55,   24, 0.4, 50.0, 7.3, 237, 1710,   2876, 891.0, 22.3,    913, 1739, 1.0, 50.0,  0.0, 0.0, 8.0,  90, 2, 0.0, 0.0,   0, 
00:11:02, 0.1, 237,    8,   1222, 12.2, 42.4,     55,   25, 0.3, 50.0, 7.3, 237, 1708,   2876, 891.0, 22.3,    913, 1737, 1.0, 50.0,  0.0, 0.0, 8.0,  90, 2, 0.0, 0.0,   0, 
00:11:12, 0.1, 240,    8,   1222, 12.2, 42.4,     55,   24, 0.3, 50.0, 1.8, 240,  282,   2876, 891.0, 22.3,    913,  429, 0.7, 50.0,  0.0, 0.0, 8.0,  90, 2, 0.0, 0.0,   0, 
00:11:22, 0.1, 240,    9,   1222, 12.2, 42.4,     55,   25, 0.4, 50.0, 1.8, 240,  282,   2876, 891.0, 22.3,    913,  429, 0.7, 50.0,  0.0, 0.0, 8.0,  90, 2, 0.0, 0.0,   0, 
00:11:32, 0.1, 240,    8,   1222, 12.2, 42.4,     55,   25, 0.3, 50.0, 1.8, 240,  282,   2876, 891.0, 22.3,    913,  429, 0.7, 50.0,  0.0, 0.0, 8.0,  90, 2, 0.0, 0.0,   0, 
00:11:42, 0.1, 240,    8,   1222, 12.2, 42.4,     55,   25, 0.3, 50.0, 1.8, 240,  282,   2876, 891.0, 22.3,    913,  429, 0.7, 50.0,  0.0, 0.0, 8.0,  90, 2, 0.0, 0.0,   0, 
00:11:52, 0.1, 239,    8,   1222, 12.2, 42.4,     55,   25, 0.3, 50.0, 1.8, 239,  281,   2876, 891.0, 22.3,    913,  427, 0.7, 50.0,  0.0, 0.0, 8.0,  90, 2, 0.0, 0.0,   0, 
00:12:02, 0.1, 239,    8,   1222, 12.2, 42.4,     55,   24, 0.3, 50.0, 1.6, 239,  255,   2876, 891.0, 22.3,    913,  380, 0.7, 50.0,  0.0, 0.0, 8.0,  90, 2, 0.0, 0.0,   0, 
00:12:12, 0.1, 239,    8,   1222, 12.2, 42.4,     55,   24, 0.3, 50.0, 0.9, 239,  158,   2876, 891.0, 22.3,    913,  204, 0.8, 50.0,  0.0, 0.0, 8.0,  90, 2, 0.0, 0.0,   0, 
00:12:22, 0.1, 239,    8,   1222, 12.2, 42.4,     55,   24, 0.3, 50.0, 0.9, 239,  158,   2876, 891.0, 22.3,    913,  203, 0.8, 50.0,  0.0, 0.0, 8.0,  90, 2, 0.0, 0.0,   0, 
00:12:32, 0.1, 239,    8,   1222, 12.2, 42.4,     55,   25, 0.3, 50.0, 0.9, 239,  158,   2876, 891.0, 22.3,    913,  203, 0.8, 50.0,  0.0, 0.0, 8.0,  90, 2, 0.0, 0.0,   0, 
00:12:42, 0.1, 238,    8,   1222, 12.2, 42.4,     55,   25, 0.3, 50.0, 0.8, 238,  157,   2876, 891.0, 22.3,    913,  202, 0.8, 50.0,  0.0, 0.0, 8.0,  90, 2, 0.0, 0.0,   0, 
00:12:52, 0.1, 239,    9,   1222, 12.2, 42.4,     55,   24, 0.4, 50.0, 0.8, 239,  157,   2876, 891.0, 22.3,    913,  203, 0.8, 50.0,  0.0, 0.0, 8.0,  90, 2, 0.0, 0.0,   0, 
00:13:02, 0.1, 239,    9,   1222, 12.2, 42.4,     55,   25, 0.4, 50.0, 0.8, 239,  157,   2876, 891.0, 22.3,    913,  203, 0.8, 50.0,  0.0, 0.0, 8.0,  90, 2, 0.0, 0.0,   0, 
00:13:12, 0.1, 240,    8,   1222, 12.2, 42.4,     55,   24, 0.3, 50.0, 0.9, 240,  157,   2876, 891.0, 22.3,    913,  204, 0.8, 50.0,  0.0, 0.0, 8.0,  90, 2, 0.0, 0.0,   0, 
00:13:22, 0.1, 240,    9,   1222, 12.2, 42.4,     55,   24, 0.4, 50.0, 0.9, 240,  158,   2876, 891.0, 22.3,    913,  204, 0.8, 50.0,  0.0, 0.0, 8.0,  90, 2, 0.0, 0.0,   0, 
00:13:32, 0.1, 239,    8,   1222, 12.2, 42.4,     55,   25, 0.3, 50.0, 0.8, 239,  157,   2876, 891.0, 22.3,    913,  204, 0.8, 50.0,  0.0, 0.0, 8.0,  90, 2, 0.0, 0.0,   0, 
00:13:42, 0.1, 240,    8,   1222, 12.2, 42.4,     55,   25, 0.3, 50.0, 0.9, 240,  157,   2876, 891.0, 22.3,    913,  204, 0.8, 50.0,  0.0, 0.0, 8.0,  90, 2, 0.0, 0.0,   0, 
00:13:52, 0.1, 239,    9,   1222, 12.2, 42.4,     55,   25, 0.3, 50.0, 0.8, 239,  157,   2876, 891.0, 22.3,    913,  203, 0.8, 50.0,  0.0, 0.0, 8.0,  90, 2, 0.0, 0.0,   0, 
00:14:02, 0.1, 239,    9,   1222, 12.2, 42.4,     55,   25, 0.3, 50.0, 0.8, 239,  157,   2876, 891.0, 22.3,    913,  203, 0.8, 50.0,  0.0, 0.0, 8.0,  90, 2, 0.0, 0.0,   0, 
00:14:12, 0.1, 240,    8,   1222, 12.2, 42.4,     55,   24, 0.3, 50.0, 0.9, 240,  158,   2876, 891.0, 22.3,    913,  205, 0.8, 50.0,  0.0, 0.0, 8.0,  90, 2, 0.0, 0.0,   0, 
00:14:22, 0.1, 240,    9,   1222, 12.2, 42.4,     55,   25, 0.4, 50.0, 0.8, 240,  157,   2876, 891.0, 22.3,    913,  204, 0.8, 50.0,  0.0, 0.0, 8.0,  90, 2, 0.0, 0.0,   0, 
00:14:32, 0.1, 240,    8,   1222, 12.2, 42.4,     55,   24, 0.3, 50.0, 0.8, 240,  156,   2876, 891.0, 22.3,    913,  204, 0.8, 50.0,  0.0, 0.0, 8.0,  90, 2, 0.0, 0.0,   0, 
00:14:42, 0.1, 239,    8,   1222, 12.2, 42.4,     55,   24, 0.3, 50.0, 0.8, 239,  157,   2876, 891.0, 22.3,    913,  203, 0.8, 50.0,  0.0, 0.0, 8.0,  90, 2, 0.0, 0.0,   0, 
00:14:52, 0.1, 239,    8,   1222, 12.2, 42.4,     55,   24, 0.3, 50.0, 1.7, 239,  289,   2876, 891.0, 22.3,    913,  401, 0.7, 50.0,  0.0, 0.0, 8.0,  90, 2, 0.0, 0.0,   0, 
00:15:02, 0.1, 239,    9,   1222, 12.2, 42.4,     55,   25, 0.3, 50.0, 2.1, 239,  329,   2876, 891.0, 22.3,    913,  510, 0.6, 50.0,  0.0, 0.0, 8.0,  90, 2, 0.0, 0.0,   0, 
00:15:12, 0.1, 238,    8,   1222, 12.2, 42.4,     55,   24, 0.3, 50.0, 2.1, 238,  328,   2876, 891.0, 22.3,    913,  509, 0.6, 50.0,  0.0, 0.0, 8.0,  90, 2, 0.0, 0.0,   0, 
00:15:22, 0.1, 238,    9,   1222, 12.2, 42.4,     55,   25, 0.3, 50.0, 2.1, 238,  323,   2876, 891.0, 22.3,    913,  504, 0.6, 50.0,  0.0, 0.0, 8.0,  90, 2, 0.0, 0.0,   0, 
00:15:32, 0.1, 238,    8,   1222, 12.2, 42.4,     55,   25, 0.3, 50.0, 2.1, 238,  319,   2876, 891.0, 22.3,    913,  501, 0.6, 50.0,  0.0, 0.0, 8.0,  90, 2, 0.0, 0.0,   0, 
00:15:42, 0.1, 239,    8,   1222, 12.2, 42.4,     55,   25, 0.3, 50.0, 2.1, 239,  319,   2876, 891.0, 22.3,    913,  504, 0.6, 50.0,  0.0, 0.0, 8.0,  90, 2, 0.0, 0.0,   0, 
00:15:52, 0.1, 239,    8,   1222, 12.2, 42.4,     55,   24, 0.3, 50.0, 2.1, 239,  317,   2876, 891.0, 22.3,    913,  503, 0.6, 50.0,  0.0, 0.0, 8.0,  90, 2, 0.0, 0.0,   0, 
00:16:02, 0.1, 239,    8,   1222, 12.2, 42.4,     55,   24, 0.3, 50.0, 2.1, 239,  316,   2876, 891.0, 22.3,    913,  503, 0.6, 50.0,  0.0, 0.0, 8.0,  90, 2, 0.0, 0.0,   0, 
00:16:12, 0.1, 239,    8,   1222, 12.2, 42.4,     55,   25, 0.3, 50.0, 2.1, 239,  317,   2876, 891.0, 22.3,    913,  504, 0.6, 50.0,  0.0, 0.0, 8.0,  90, 2, 0.0, 0.0,   0, 
00:16:22, 0.1, 239,    9,   1222, 12.2, 42.4,     55,   25, 0.4, 50.0, 2.1, 239,  314,   2876, 891.0, 22.3,    913,  502, 0.6, 50.0,  0.0, 0.0, 8.0,  90, 2, 0.0, 0.0,   0, 
00:16:32, 0.1, 240,    9,   1222, 12.2, 42.4,     55,   25, 0.4, 50.0, 2.1, 240,  313,   2876, 891.0, 22.3,    913,  504, 0.6, 50.0,  0.0, 0.0, 8.0,  90, 2, 0.0, 0.0,   0, 
00:16:42, 0.1, 240,    8,   1222, 12.2, 42.4,     55,   25, 0.3, 50.0, 2.1, 240,  312,   2876, 891.0, 22.3,    913,  504, 0.6, 50.0,  0.0, 0.0, 8.0,  90, 2, 0.0, 0.0,   0, 
00:16:52, 0.1, 240,    8,   1222, 12.2, 42.4,     55,   25, 0.3, 50.0, 2.1, 240,  312,   2876, 891.0, 22.3,    913,  504, 0.6, 50.0,  0.0, 0.0, 8.0,  90, 2, 0.0, 0.0,   0, 
00:17:02, 0.1, 240,    9,   1222, 12.2, 42.4,     55,   25, 0.3, 50.0, 2.1, 240,  310,   2876, 891.0, 22.3,    913,  503, 0.6, 50.0,  0.0, 0.0, 8.0,  90, 2, 0.0, 0.0,   0, 
00:17:12, 0.1, 240,    9,   1222, 12.2, 42.4,     55,   25, 0.3, 50.0, 2.1, 240,  309,   2876, 891.0, 22.3,    913,  503, 0.6, 50.0,  0.0, 0.0, 8.0,  90, 2, 0.0, 0.0,   0, 
00:17:22, 0.1, 240,    8,   1222, 12.2, 42.4,     55,   24, 0.3, 50.0, 2.1, 240,  309,   2876, 891.0, 22.3,    913,  502, 0.6, 50.0,  0.0, 0.0, 8.0,  90, 2, 0.0, 0.0,   0, 
00:17:32, 0.1, 239,    8,   1222, 12.2, 42.4,     55,   25, 0.3, 50.0, 2.1, 239,  307,   2876, 891.0, 22.3,    913,  499, 0.6, 50.0,  0.0, 0.0, 8.0,  90, 2, 0.0, 0.0,   0, 
00:17:42, 0.1, 241,    8,   1222, 12.2, 42.4,     55,   25, 0.3, 50.0, 2.1, 241,  311,   2876, 891.0, 22.3,    913,  510, 0.6, 50.0,  0.0, 0.0, 8.0,  90, 2, 0.0, 0.0,   0, 
00:17:52, 0.1, 241,    9,   1222, 12.2, 42.4,     55,   25, 0.4, 50.0, 2.1, 241,  310,   2876, 891.0, 22.3,    913,  509, 0.6, 50.0,  0.0, 0.0, 8.0,  90, 2, 0.0, 0.0,   0, 
00:18:02, 0.1, 241,    8,   1222, 12.2, 42.4,     55,   25, 0.3, 50.0, 2.1, 241,  310,   2876, 891.0, 22.3,    913,  508, 0.6, 50.0,  0.0, 0.0, 8.0,  90, 2, 0.0, 0.0,   0, 
00:18:12, 0.1, 242,    8,   1222, 12.2, 42.4,     55,   25, 0.3, 50.0, 2.1, 242,  312,   2876, 891.0, 22.3,    913,  514, 0.6, 50.0,  0.0, 0.0, 8.0,  90, 2, 0.0, 0.0,   0, 
00:18:22, 0.1, 243,    9,   1222, 12.2, 42.4,     55,   25, 0.3, 50.0, 2.1, 243,  312,   2876, 891.0, 22.3,    913,  516, 0.6, 50.0,  0.0, 0.0, 8.0,  90, 2, 0.0, 0.0,   0, 
00:18:32, 0.1, 243,    9,   1222, 12.2, 42.4,     55,   26, 0.3, 50.0, 2.1, 243,  310,   2876, 891.0, 22.3,    913,  515, 0.6, 50.0,  0.0, 0.0, 8.0,  90, 2, 0.0, 0.0,   0, 
00:18:42, 0.1, 242,    9,   1222, 12.2, 42.4,     55,   25, 0.3, 50.0, 2.1, 242,  310,   2876, 891.0, 22.3,    913,  514, 0.6, 50.0,  0.0, 0.0, 8.0,  90, 2, 0.0, 0.0,   0, 
00:18:52, 0.1, 242,    9,   1222, 12.2, 42.4,     55,   25, 0.3, 50.0, 2.1, 242,  309,   2876, 891.0, 22.3,    913,  511, 0.6, 50.0,  0.0, 0.0, 8.0,  90, 2, 0.0, 0.0,   0, 
00:19:02, 0.1, 241,    9,   1222, 12.2, 42.4,     55,   25, 0.3, 50.0, 2.1, 241,  308,   2876, 891.0, 22.3,    913,  508, 0.6, 50.0,  0.0, 0.0, 8.0,  90, 2, 0.0, 0.0,   0, 
00:19:12, 0.1, 241,    9,   1222, 12.2, 42.4,     55,   25, 0.4, 50.0, 2.1, 241,  308,   2876, 891.0, 22.3,    913,  506, 0.6, 50.0,  0.0, 0.0, 8.0,  90, 2, 0.0, 0.0,   0, 
00:19:22, 0.1, 241,    9,   1222, 12.2, 42.4,     55,   25, 0.3, 50.0, 2.1, 241,  308,   2876, 891.0, 22.3,    913,  507, 0.6, 50.0,  0.0, 0.0, 8.0,  90, 2, 0.0, 0.0,   0, 
00:19:32, 0.1, 241,    8,   1222, 12.2, 42.4,     55,   25, 0.3, 50.0, 2.1, 241,  308,   2876, 891.0, 22.3,    913,  506, 0.6, 50.0,  0.0, 0.0, 8.0,  90, 2, 0.0, 0.0,   0, 
00:19:42, 0.1, 241,    9,   1222, 12.2, 42.4,     55,   25, 0.3, 50.0, 2.1, 241,  308,   2876, 891.0, 22.3,    913,  506, 0.6, 50.0,  0.0, 0.0, 8.0,  90, 2, 0.0, 0.0,   0, 
00:19:52, 0.1, 241,    8,   1222, 12.2, 42.4,     55,   25, 0.3, 50.0, 0.9, 241,  168,   2876, 891.0, 22.3,    913,  227, 0.8, 50.0,  0.0, 0.0, 8.0,  90, 2, 0.0, 0.0,   0, 
00:20:02, 0.1, 241,    8,   1222, 12.2, 42.4,     55,   25, 0.3, 50.0, 0.9, 241,  157,   2876, 891.0, 22.3,    913,  205, 0.8, 50.0,  0.0, 0.0, 8.0,  90, 2, 0.0, 0.0,   0, 
00:20:12, 0.1, 241,    8,   1222, 12.2, 42.4,     55,   25, 0.3, 50.0, 0.8, 241,  157,   2876, 891.0, 22.3,    913,  204, 0.8, 50.0,  0.0, 0.0, 8.0,  90, 2, 0.0, 0.0,   0, 
00:20:22, 0.1, 240,    8,   1222, 12.2, 42.4,     55,   25, 0.3, 50.0, 0.8, 240,  156,   2876, 891.0, 22.3,    913,  204, 0.8, 50.0,  0.0, 0.0, 8.0,  90, 2, 0.0, 0.0,   0, 
00:20:32, 0.1, 241,    8,   1222, 12.2, 42.4,     55,   25, 0.3, 50.0, 0.9, 241,  158,   2876, 891.0, 22.3,    913,  206, 0.8, 50.0,  0.0, 0.0, 8.0,  90, 2, 0.0, 0.0,   0, 
00:20:42, 0.1, 242,    8,   1222, 12.2, 42.4,     55,   25, 0.3, 50.0, 0.9, 242,  157,   2876, 891.0, 22.3,    913,  206, 0.8, 50.0,  0.0, 0.0, 8.0,  90, 2, 0.0, 0.0,   0, 
00:20:52, 0.1, 242,    9,   1222, 12.2, 42.4,     55,   25, 0.3, 50.0, 0.9, 242,  158,   2876, 891.0, 22.3,    913,  206, 0.8, 50.0,  0.0, 0.0, 8.0,  90, 2, 0.0, 0.0,   0, 
00:21:02, 0.1, 242,    9,   1222, 12.2, 42.4,     55,   25, 0.3, 50.0, 0.9, 242,  158,   2876, 891.0, 22.3,    913,  207, 0.8, 50.0,  0.0, 0.0, 8.0,  90, 2, 0.0, 0.0,   0, 
00:21:12, 0.1, 242,    9,   1222, 12.2, 42.4,     55,   25, 0.3, 50.0, 0.9, 242,  157,   2876, 891.0, 22.3,    913,  207, 0.8, 50.0,  0.0, 0.0, 8.0,  90, 2, 0.0, 0.0,   0, 
00:21:22, 0.1, 242,    9,   1222, 12.2, 42.4,     55,   25, 0.4, 50.0, 0.9, 242,  157,   2876, 891.0, 22.3,    913,  206, 0.8, 50.0,  0.0, 0.0, 8.0,  90, 2, 0.0, 0.0,   0, 
00:21:32, 0.1, 242,    9,   1222, 12.2, 42.4,     55,   25, 0.3, 50.0, 1.7, 242,  316,   2876, 891.0, 22.3,    913,  417, 0.7, 50.0,  0.0, 0.0, 8.0,  90, 2, 0.0, 0.0,   0, 
00:21:42, 0.1, 242,    8,   1222, 12.2, 42.4,     55,   25, 0.3, 50.0, 1.8, 242,  291,   2876, 891.0, 22.3,    913,  441, 0.7, 50.0,  0.0, 0.0, 8.0,  90, 2, 0.0, 0.0,   0, 
00:21:52, 0.1, 242,    9,   1222, 12.2, 42.4,     55,   25, 0.4, 50.0, 1.8, 242,  291,   2876, 891.0, 22.3,    913,  441, 0.7, 50.0,  0.0, 0.0, 8.0,  90, 2, 0.0, 0.0,   0, 
00:22:02, 0.1, 242,    9,   1222, 12.2, 42.4,     55,   25, 0.3, 50.0, 1.8, 242,  291,   2876, 891.0, 22.3,    913,  440, 0.7, 50.0,  0.0, 0.0, 8.0,  90, 2, 0.0, 0.0,   0, 
00:22:12, 0.1, 242,    9,   1222, 12.2, 42.4,     55,   25, 0.3, 50.0, 1.8, 242,  290,   2876, 891.0, 22.3,    913,  441, 0.7, 50.0,  0.0, 0.0, 8.0,  90, 2, 0.0, 0.0,   0, 
00:22:22, 0.1, 242,    8,   1222, 12.2, 42.4,     55,   25, 0.3, 50.0, 1.8, 242,  291,   2876, 891.0, 22.3,    913,  442, 0.7, 50.0,  0.0, 0.0, 8.0,  90, 2, 0.0, 0.0,   0, 
00:22:32, 0.1, 241,    9,   1222, 12.2, 42.4,     55,   25, 0.3, 50.0, 1.8, 241,  291,   2876, 891.0, 22.3,    913,  439, 0.7, 50.0,  0.0, 0.0, 8.0,  90, 2, 0.0, 0.0,   0, 
00:22:42, 0.1, 240,    8,   1222, 12.2, 42.4,     55,   25, 0.3, 50.0, 1.8, 241,  289,   2876, 891.0, 22.3,    913,  436, 0.7, 50.0,  0.0, 0.0, 8.0,  90, 2, 0.0, 0.0,   0, 
00:22:52, 0.1, 240,    8,   1222, 12.2, 42.4,     55,   25, 0.3, 50.0, 1.8, 240,  290,   2876, 891.0, 22.3,    913,  435, 0.7, 50.0,  0.0, 0.0, 8.0,  90, 2, 0.0, 0.0,   0, 
00:23:02, 0.1, 240,    8,   1222, 12.2, 42.4,     55,   24, 0.3, 50.0, 1.8, 240,  290,   2876, 891.0, 22.3,    913,  436, 0.7, 50.0,  0.0, 0.0, 8.0,  90, 2, 0.0, 0.0,   0, 
00:23:12, 0.1, 240,    9,   1222, 12.2, 42.4,     55,   25, 0.3, 50.0, 1.8, 240,  289,   2876, 891.0, 22.3,    913,  435, 0.7, 50.0,  0.0, 0.0, 8.0,  90, 2, 0.0, 0.0,   0, 
00:23:22, 0.1, 240,    9,   1222, 12.2, 42.4,     55,   25, 0.4, 50.0, 1.8, 240,  289,   2876, 891.0, 22.3,    913,  435, 0.7, 50.0,  0.0, 0.0, 8.0,  90, 2, 0.0, 0.0,   0, 
00:23:32, 0.1, 239,    8,   1222, 12.2, 42.4,     55,   24, 0.3, 50.0, 1.8, 239,  288,   2876, 891.0, 22.3,    913,  432, 0.7, 50.0,  0.0, 0.0, 8.0,  90, 2, 0.0, 0.0,   0, 
00:23:42, 0.1, 239,    8,   1222, 12.2, 42.4,     55,   24, 0.3, 50.0, 1.8, 239,  288,   2876, 891.0, 22.3,    913,  432, 0.7, 50.0,  0.0, 0.0, 8.0,  90, 2, 0.0, 0.0,   0, 
00:23:52, 0.1, 239,    9,   1222, 12.2, 42.4,     55,   24, 0.4, 50.0, 1.8, 239,  288,   2876, 891.0, 22.3,    913,  431, 0.7, 50.0,  0.0, 0.0, 8.0,  90, 2, 0.0, 0.0,   0, 
00:24:02, 0.1, 241,    8,   1222, 12.2, 42.4,     55,   24, 0.3, 50.0, 1.8, 241,  289,   2876, 891.0, 22.3,    913,  436, 0.7, 50.0,  0.0, 0.0, 8.0,  90, 2, 0.0, 0.0,   0, 
00:24:12, 0.1, 241,    8,   1222, 12.2, 42.4,     55,   25, 0.3, 50.0, 1.8, 241,  288,   2876, 891.0, 22.3,    913,  436, 0.7, 50.0,  0.0, 0.0, 8.0,  90, 2, 0.0, 0.0,   0, 
00:24:22, 0.1, 241,    8,   1222, 12.2, 42.4,     55,   25, 0.3, 50.0, 1.8, 241,  286,   2876, 891.0, 22.3,    913,  434, 0.7, 50.0,  0.0, 0.0, 8.0,  90, 2, 0.0, 0.0,   0, 
00:24:32, 0.1, 241,    9,   1222, 12.2, 42.4,     55,   25, 0.3, 50.0, 1.8, 241,  286,   2876, 891.0, 22.3,    913,  435, 0.7, 50.0,  0.0, 0.0, 8.0,  90, 2, 0.0, 0.0,   0, 
00:24:42, 0.1, 241,    9,   1222, 12.2, 42.4,     55,   25, 0.3, 50.0, 1.8, 241,  286,   2876, 891.0, 22.3,    913,  435, 0.7, 50.0,  0.0, 0.0, 8.0,  90, 2, 0.0, 0.0,   0, 
00:24:52, 0.1, 241,    8,   1222, 12.2, 42.4,     55,   25, 0.3, 50.0, 1.8, 241,  286,   2876, 891.0, 22.3,    913,  435, 0.7, 50.0,  0.0, 0.0, 8.0,  90, 2, 0.0, 0.0,   0, 
00:25:02, 0.1, 241,    8,   1222, 12.2, 42.4,     55,   25, 0.3, 50.0, 1.8, 241,  285,   2876, 891.0, 22.3,    913,  434, 0.7, 50.0,  0.0, 0.0, 8.0,  90, 2, 0.0, 0.0,   0, 
00:25:12, 0.1, 241,    8,   1222, 12.2, 42.4,     55,   25, 0.3, 50.0, 1.8, 241,  284,   2876, 891.0, 22.3,    913,  432, 0.7, 50.0,  0.0, 0.0, 8.0,  90, 2, 0.0, 0.0,   0, 
00:25:22, 0.1, 240,    8,   1222, 12.2, 42.4,     55,   25, 0.4, 50.0, 1.8, 240,  283,   2876, 891.0, 22.3,    913,  431, 0.7, 50.0,  0.0, 0.0, 8.0,  90, 2, 0.0, 0.0,   0, 
00:25:32, 0.1, 241,    8,   1222, 12.2, 42.4,     55,   24, 0.4, 50.0, 1.8, 241,  283,   2876, 891.0, 22.3,    913,  432, 0.7, 50.0,  0.0, 0.0, 8.0,  90, 2, 0.0, 0.0,   0, 
00:25:42, 0.1, 241,    8,   1222, 12.2, 42.4,     55,   25, 0.3, 50.0, 1.8, 241,  283,   2876, 891.0, 22.3,    913,  433, 0.7, 50.0,  0.0, 0.0, 8.0,  90, 2, 0.0, 0.0,   0, 
00:25:52, 0.1, 241,    9,   1222, 12.2, 42.4,     55,   25, 0.3, 50.0, 1.8, 241,  282,   2876, 891.1, 22.3,    913,  432, 0.7, 50.0,  0.0, 0.0, 8.0,  90, 2, 0.0, 0.0,   0, 
00:26:02, 0.1, 241,    9,   1222, 12.2, 42.4,     55,   25, 0.3, 50.0, 1.8, 241,  282,   2876, 891.1, 22.3,    913,  432, 0.7, 50.0,  0.0, 0.0, 8.0,  90, 2, 0.0, 0.0,   0, 
00:26:12, 0.1, 241,    9,   1222, 12.2, 42.4,     55,   25, 0.3, 50.0, 1.8, 241,  283,   2876, 891.1, 22.3,    913,  432, 0.7, 50.0,  0.0, 0.0, 8.0,  90, 2, 0.0, 0.0,   0, 
00:26:22, 0.1, 240,    9,   1222, 12.2, 42.4,     55,   24, 0.4, 50.0, 1.8, 240,  281,   2876, 891.1, 22.3,    913,  430, 0.7, 50.0,  0.0, 0.0, 8.0,  90, 2, 0.0, 0.0,   0, 
00:26:32, 0.1, 241,    9,   1222, 12.2, 42.4,     55,   25, 0.4, 50.0, 1.8, 241,  281,   2876, 891.1, 22.3,    913,  431, 0.7, 50.0,  0.0, 0.0, 8.0,  90, 2, 0.0, 0.0,   0, 
00:26:42, 0.1, 240,    8,   1222, 12.2, 42.4,     55,   25, 0.3, 50.0, 1.8, 240,  280,   2876, 891.1, 22.3,    913,  430, 0.7, 50.0,  0.0, 0.0, 8.0,  90, 2, 0.0, 0.0,   0, 
00:26:52, 0.1, 240,    8,   1222, 12.2, 42.4,     55,   25, 0.3, 50.0, 1.8, 240,  280,   2876, 891.1, 22.3,    913,  427, 0.7, 50.0,  0.0, 0.0, 8.0,  90, 2, 0.0, 0.0,   0, 
00:27:02, 0.1, 240,    8,   1222, 12.2, 42.4,     55,   25, 0.3, 50.0, 1.8, 240,  279,   2876, 891.1, 22.3,    913,  428, 0.7, 50.0,  0.0, 0.0, 8.0,  90, 2, 0.0, 0.0,   0, 
00:27:12, 0.1, 240,    9,   1222, 12.2, 42.4,     55,   25, 0.3, 50.0, 1.8, 240,  280,   2876, 891.1, 22.3,    913,  429, 0.7, 50.0,  0.0, 0.0, 8.0,  90, 2, 0.0, 0.0,   0, 
00:27:22, 0.1, 240,    8,   1222, 12.2, 42.4,     55,   25, 0.3, 50.0, 1.8, 240,  279,   2876, 891.1, 22.3,    913,  429, 0.7, 50.0,  0.0, 0.0, 8.0,  90, 2, 0.0, 0.0,   0, 
00:27:32, 0.1, 240,    9,   1222, 12.2, 42.4,     55,   24, 0.4, 50.0, 1.8, 240,  281,   2876, 891.1, 22.3,    913,  430, 0.7, 50.0,  0.0, 0.0, 8.0,  90, 2, 0.0, 0.0,   0, 
00:27:42, 0.1, 241,    9,   1222, 12.2, 42.4,     55,   25, 0.3, 50.0, 1.8, 241,  279,   2876, 891.1, 22.3,    913,  429, 0.7, 50.0,  0.0, 0.0, 8.0,  90, 2, 0.0, 0.0,   0, 
00:27:52, 0.1, 240,    8,   1222, 12.2, 42.4,     55,   25, 0.3, 50.0, 1.8, 240,  279,   2876, 891.1, 22.3,    913,  429, 0.7, 50.0,  0.0, 0.0, 8.0,  90, 2, 0.0, 0.0,   0, 
00:28:02, 0.1, 241,    8,   1222, 12.2, 42.4,     55,   25, 0.3, 50.0, 1.8, 241,  280,   2876, 891.1, 22.3,    913,  430, 0.7, 50.0,  0.0, 0.0, 8.0,  90, 2, 0.0, 0.0,   0, 
00:28:12, 0.1, 240,    8,   1222, 12.2, 42.4,     55,   25, 0.3, 50.0, 1.8, 241,  279,   2876, 891.1, 22.3,    913,  429, 0.6, 50.0,  0.0, 0.0, 8.0,  90, 2, 0.0, 0.0,   0, 
00:28:22, 0.1, 240,    9,   1222, 12.2, 42.4,     55,   25, 0.4, 50.0, 1.8, 240,  278,   2876, 891.1, 22.3,    913,  428, 0.6, 50.0,  0.0, 0.0, 8.0,  90, 2, 0.0, 0.0,   0, 
00:28:32, 0.1, 241,    8,   1222, 12.2, 42.4,     55,   25, 0.3, 50.0, 1.8, 241,  279,   2876, 891.1, 22.3,    913,  431, 0.6, 50.0,  0.0, 0.0, 8.0,  90, 2, 0.0, 0.0,   0, 
00:28:42, 0.1, 242,    8,   1222, 12.2, 42.4,     55,   25, 0.3, 50.0, 1.8, 242,  280,   2876, 891.1, 22.3,    913,  433, 0.6, 50.0,  0.0, 0.0, 8.0,  90, 2, 0.0, 0.0,   0, 
00:28:52, 0.1, 242,    8,   1222, 12.2, 42.4,     55,   25, 0.3, 50.0, 1.8, 242,  280,   2876, 891.1, 22.3,    913,  435, 0.6, 50.0,  0.0, 0.0, 8.0,  90, 2, 0.0, 0.0,   0, 
00:29:02, 0.1, 242,    9,   1222, 12.2, 42.4,     55,   25, 0.3, 50.0, 1.8, 242,  279,   2876, 891.1, 22.3,    913,  433, 0.6, 50.0,  0.0, 0.0, 8.0,  90, 2, 0.0, 0.0,   0, 
00:29:12, 0.1, 242,    8,   1222, 12.2, 42.4,     55,   25, 0.3, 50.0, 1.8, 242,  279,   2876, 891.1, 22.3,    913,  434, 0.6, 50.0,  0.0, 0.0, 8.0,  90, 2, 0.0, 0.0,   0, 
00:29:22, 0.1, 242,    8,   1222, 12.2, 42.4,     55,   25, 0.3, 50.0, 1.8, 242,  278,   2876, 891.1, 22.3,    913,  434, 0.6, 50.0,  0.0, 0.0, 8.0,  90, 2, 0.0, 0.0,   0, 
00:29:32, 0.1, 242,    8,   1222, 12.2, 42.4,     55,   25, 0.3, 50.0, 1.8, 242,  280,   2876, 891.1, 22.3,    913,  434, 0.6, 50.0,  0.0, 0.0, 8.0,  90, 2, 0.0, 0.0,   0, 
00:29:42, 0.1, 241,    8,   1222, 12.2, 42.4,     55,   25, 0.3, 50.0, 1.8, 241,  278,   2876, 891.1, 22.3,    913,  430, 0.6, 50.0,  0.0, 0.0, 8.0,  90, 2, 0.0, 0.0,   0, 
00:29:52, 0.1, 240,    8,   1222, 12.2, 42.4,     55,   24, 0.3, 50.0, 1.8, 240,  277,   2876, 891.1, 22.3,    913,  428, 0.6, 50.0,  0.0, 0.0, 8.0,  90, 2, 0.0, 0.0,   0, 
00:30:02, 0.1, 241,    8,   1222, 12.2, 42.4,     55,   25, 0.3, 50.0, 1.0, 241,  174,   2876, 891.1, 22.3,    913,  240, 0.7, 50.0,  0.0, 0.0, 8.0,  90, 2, 0.0, 0.0,   0, 
00:30:12, 0.1, 241,    8,   1222, 12.2, 42.4,     55,   25, 0.3, 50.0, 0.8, 241,  154,   2876, 891.1, 22.3,    913,  202, 0.8, 50.0,  0.0, 0.0, 8.0,  90, 2, 0.0, 0.0,   0, 
00:30:22, 0.1, 241,    9,   1222, 12.2, 42.4,     55,   25, 0.3, 50.0, 0.8, 241,  154,   2876, 891.1, 22.3,    913,  203, 0.8, 50.0,  0.0, 0.0, 8.0,  90, 2, 0.0, 0.0,   0, 
00:30:32, 0.1, 241,    9,   1222, 12.2, 42.4,     55,   25, 0.3, 50.0, 0.8, 241,  155,   2876, 891.1, 22.3,    913,  203, 0.8, 50.0,  0.0, 0.0, 8.0,  90, 2, 0.0, 0.0,   0, 
00:30:42, 0.1, 241,    8,   1222, 12.2, 42.4,     55,   25, 0.3, 50.0, 0.8, 241,  154,   2876, 891.1, 22.3,    913,  203, 0.8, 50.0,  0.0, 0.0, 8.0,  90, 2, 0.0, 0.0,   0, 
00:30:52, 0.1, 241,    8,   1222, 12.2, 42.4,     55,   25, 0.3, 50.0, 0.8, 241,  153,   2876, 891.1, 22.3,    913,  203, 0.8, 50.0,  0.0, 0.0, 8.0,  90, 2, 0.0, 0.0,   0, 
00:31:02, 0.1, 241,    8,   1222, 12.2, 42.4,     55,   25, 0.3, 50.0, 0.8, 241,  154,   2876, 891.1, 22.3,    913,  203, 0.8, 50.0,  0.0, 0.0, 8.0,  90, 2, 0.0, 0.0,   0, 
00:31:12, 0.1, 241,    8,   1222, 12.2, 42.4,     55,   25, 0.3, 50.0, 0.8, 241,  155,   2876, 891.1, 22.3,    913,  204, 0.8, 50.0,  0.0, 0.0, 8.0,  90, 2, 0.0, 0.0,   0, 
00:31:22, 0.1, 241,    8,   1222, 12.2, 42.4,     55,   25, 0.3, 50.0, 0.8, 241,  154,   2876, 891.1, 22.3,    913,  203, 0.8, 50.0,  0.0, 0.0, 8.0,  90, 2, 0.0, 0.0,   0, 